498
496
495
493
492
491
490
487
484
482
481
479
478
477
476
475
474
473
472
471
470
467
466
461
460
459
458
457
456
455
454
453
452
451
450
449
446
445
444
442
440
439
438
436
435
430
429
426
424
423
422
421
420
419
416
414
412
411
410
409
408
407
405
400
399
396
395
393
392
391
390
389
385
384
383
382
380
379
378
377
375
374
373
371
368
366
365
363
360
359
357
356
354
353
352
351
348
344
338
337
336
335
334
332
331
329
328
326
325
323
320
318
317
313
312
310
308
307
306
304
303
301
299
298
297
294
293
290
289
288
287
285
283
282
281
280
278
277
276
275
272
270
269
268
265
263
262
261
259
258
257
125
124
123
122
119
117
116
115
114
112
111
110
107
106
105
104
103
102
100
99
96
95
93
91
90
88
86
85
83
82
81
80
79
78
77
75
72
70
69
68
67
66
65
63
61
59
27
25
23
19
14
13
3
6
8
9
10
12
30
31
32
33
34
35
36
38
39
40
43
44
45
46
47
48
49
51
52
55
127
128
129
130
131
134
136
139
140
142
143
144
146
147
149
150
152
153
157
158
159
160
163
164
166
167
168
169
170
175
177
179
180
181
182
183
186
187
188
190
192
194
195
197
198
199
200
201
202
204
205
209
210
211
212
213
214
215
216
217
219
221
222
224
226
227
228
230
231
234
235
236
237
238
239
240
241
243
244
246
247
248
250
253
255
256
