1 1
2 0
3 0
4 1
5 0
6 0
7 1
8 0
9 1
10 1
11 0
12 0
13 1
14 1
15 1
16 1
17 1
18 0
19 0
20 0
21 0
22 0
23 0
24 1
25 1
26 0
27 0
28 0
29 1
30 0
31 1
32 1
33 0
34 1
35 1
36 0
37 0
38 1
39 0
40 0
41 1
42 0
43 0
44 0
45 0
46 0
47 0
48 1
49 1
50 0
51 1
52 0
53 0
54 0
55 0
56 0
57 0
58 0
59 1
60 0
61 1
62 1
63 0
64 0
65 0
66 1
67 0
68 1
69 1
70 1
71 0
72 0
73 1
74 1
75 1
76 1
77 0
78 0
79 0
80 1
81 0
82 0
83 0
84 0
85 0
86 1
87 0
88 0
89 0
90 0
91 1
92 0
93 0
94 0
95 1
96 1
97 1
98 1
99 0
100 1
101 0
102 0
103 1
104 0
105 1
106 1
107 0
108 0
109 1
110 0
111 1
112 1
113 0
114 1
115 1
116 1
117 1
118 0
119 1
120 0
121 1
122 1
123 0
124 0
125 0
126 0
127 0
128 0
129 0
130 1
131 1
132 1
133 1
134 0
135 0
136 1
137 1
138 0
139 1
140 0
141 0
142 0
143 0
144 1
145 1
146 0
147 0
148 0
149 0
150 1
151 0
152 0
153 1
154 1
155 0
156 1
157 1
158 1
159 0
160 1
161 1
162 0
163 1
164 0
165 0
166 0
167 1
168 1
169 0
170 0
171 0
172 0
173 0
174 1
175 1
176 0
177 0
178 0
179 0
180 1
181 0
182 1
183 1
184 1
185 1
186 1
187 0
188 0
189 0
190 1
191 0
192 1
193 0
194 1
195 1
196 1
197 0
198 1
199 1
200 1
201 1
202 0
203 1
204 0
205 1
206 1
207 0
208 1
209 1
210 0
211 0
212 1
213 1
214 1
215 1
216 0
217 1
218 1
219 1
220 1
221 0
222 0
223 1
224 1
225 1
226 1
227 1
228 1
229 0
230 1
231 0
232 0
233 0
234 1
235 0
236 0
237 0
238 0
239 0
240 1
241 0
242 0
243 1
244 1
245 1
246 0
247 0
248 0
249 0
250 1
251 1
252 1
253 1
254 0
255 0
256 0
257 1
258 1
259 1
260 0
261 0
262 0
263 1
264 0
265 1
266 1
267 0
268 1
269 0
270 0
271 1
272 0
273 0
274 0
275 0
276 0
277 1
278 1
279 1
280 0
281 1
282 1
283 1
284 0
285 0
286 1
287 1
288 0
289 1
290 0
291 1
292 1
293 1
294 1
295 1
296 0
297 0
298 0
299 1
300 1
301 0
302 1
303 0
304 0
305 1
306 0
307 0
308 0
309 1
310 1
311 0
312 1
313 1
314 1
315 1
316 0
317 1
318 1
319 1
320 1
321 1
322 1
323 1
324 1
325 1
326 0
327 0
328 1
329 1
330 1
331 1
332 0
333 0
334 1
335 1
336 1
337 1
338 0
339 1
340 1
341 0
342 1
343 0
344 0
345 1
346 0
347 1
348 1
349 1
350 1
351 1
352 1
353 0
354 0
355 0
356 0
357 0
358 0
359 1
360 0
361 1
362 0
363 0
364 1
365 0
366 0
367 0
368 1
369 0
370 1
371 0
372 0
373 0
374 0
375 1
376 0
377 0
378 0
379 1
380 1
381 1
382 1
383 1
384 1
385 0
386 0
387 0
388 1
389 1
390 1
391 1
392 0
393 0
394 0
395 0
396 1
397 1
398 0
399 1
400 1
401 1
402 1
403 0
404 0
405 0
406 0
407 1
408 0
409 1
410 0
411 0
412 1
413 1
414 1
415 1
416 0
417 0
418 1
419 1
420 0
421 1
422 0
423 0
424 0
425 0
426 0
427 1
428 1
429 1
430 0
431 0
432 0
433 0
434 1
435 1
436 0
437 1
438 1
439 1
440 0
441 0
442 0
443 1
444 1
445 0
446 1
447 1
448 0
449 0
450 1
451 1
452 0
453 1
454 0
455 0
456 0
457 1
458 1
459 1
460 1
461 1
462 1
463 1
464 1
465 0
466 1
467 0
468 0
469 1
470 1
471 0
472 1
473 1
474 1
475 1
476 0
477 0
478 0
479 0
480 0
481 0
482 1
483 0
484 1
485 0
486 0
487 1
488 0
489 0
490 1
491 0
492 1
493 0
494 1
495 1
496 1
497 1
498 0
499 1
500 0
