1 1
2 1
3 0
4 0
5 1
6 0
7 0
8 0
9 0
10 0
11 0
12 1
13 0
14 1
15 1
16 0
17 0
18 1
19 1
20 1
21 1
22 0
23 1
24 0
25 0
26 0
27 1
28 1
29 0
30 1
31 1
32 0
33 1
34 0
35 1
36 0
37 1
38 0
39 1
40 0
41 1
42 0
43 0
44 1
45 1
46 1
47 0
48 0
49 1
50 0
51 1
52 1
53 1
54 1
55 0
56 1
57 1
58 0
59 0
60 0
61 1
62 0
63 1
64 0
65 1
66 1
67 0
68 0
69 0
70 1
71 1
72 1
73 1
74 0
75 1
76 1
77 0
78 0
79 1
80 0
81 0
82 1
83 0
84 1
85 1
86 0
87 1
88 0
89 1
90 1
91 0
92 0
93 0
94 1
95 0
96 0
97 0
98 1
99 1
100 0
101 1
102 1
103 0
104 1
105 1
106 0
107 0
108 0
109 1
110 0
111 1
112 1
113 1
114 0
115 1
116 0
117 0
118 0
119 1
120 0
121 0
122 0
123 0
124 0
125 1
126 0
127 1
128 1
129 1
130 0
131 1
132 0
133 1
134 1
135 0
136 0
137 1
138 1
139 0
140 0
141 0
142 0
143 0
144 1
145 0
146 1
147 0
148 0
149 0
150 0
151 1
152 1
153 1
154 1
155 0
156 1
157 1
158 1
159 0
160 1
161 1
162 0
163 1
164 1
165 0
166 0
167 1
168 0
169 0
170 0
171 0
172 0
173 1
174 0
175 0
176 0
177 0
178 1
179 1
180 0
181 0
182 1
183 1
184 0
185 0
186 1
187 1
188 0
189 0
190 0
191 0
192 0
193 1
194 1
195 1
196 1
197 1
198 1
199 0
200 1
201 1
202 0
203 0
204 1
205 1
206 0
207 1
208 0
209 1
210 0
211 1
212 1
213 1
214 1
215 1
216 1
217 1
218 0
219 0
220 0
221 0
222 0
223 0
224 0
225 1
226 0
227 0
228 1
229 1
230 1
231 1
232 0
233 0
234 0
235 0
236 1
237 1
238 1
239 1
240 1
241 0
242 0
243 1
244 1
245 0
246 1
247 0
248 1
249 0
250 0
251 1
252 1
253 0
254 0
255 0
256 0
257 0
258 1
259 1
260 0
261 0
262 0
263 0
264 0
265 0
266 0
267 1
268 1
269 0
270 1
271 0
272 0
273 1
274 1
275 1
276 0
277 0
278 1
279 1
280 0
281 0
282 1
283 1
284 0
285 1
286 1
287 1
288 1
289 0
290 1
291 0
292 0
293 1
294 0
295 1
296 0
297 0
298 0
299 1
300 0
301 0
302 0
303 0
304 0
305 0
306 1
307 1
308 1
309 1
310 1
311 1
312 0
313 0
314 0
315 0
316 0
317 1
318 0
319 1
320 0
321 0
322 0
323 0
324 0
325 0
326 1
327 1
328 1
329 1
330 1
331 0
332 1
333 1
334 1
335 1
336 1
337 0
338 0
339 0
340 1
341 1
342 0
343 1
344 0
345 0
346 0
347 0
348 1
349 0
350 0
351 0
352 0
353 1
354 0
355 1
356 1
357 0
358 0
359 0
360 0
361 1
362 0
363 0
364 0
365 0
366 0
367 0
368 0
369 1
370 0
371 0
372 0
373 1
374 0
375 1
376 0
377 1
378 0
379 0
380 1
381 0
382 1
383 1
384 1
385 1
386 1
387 0
388 1
389 1
390 0
391 0
392 0
393 0
394 1
395 1
396 1
397 0
398 0
399 0
400 1
401 0
402 0
403 0
404 0
405 1
406 1
407 0
408 0
409 0
410 1
411 1
412 1
413 0
414 1
415 0
416 0
417 0
418 1
419 1
420 1
421 0
422 1
423 1
424 0
425 1
426 1
427 0
428 1
429 1
430 0
431 1
432 1
433 1
434 0
435 1
436 0
437 1
438 0
439 1
440 1
441 1
442 1
443 1
444 0
445 0
446 0
447 1
448 0
449 1
450 1
451 1
452 0
453 0
454 0
455 1
456 0
457 0
458 1
459 0
460 1
461 0
462 1
463 0
464 1
465 1
466 1
467 0
468 0
469 0
470 1
471 1
472 0
473 0
474 0
475 1
476 1
477 1
478 0
479 1
480 0
481 0
482 1
483 0
484 0
485 0
486 0
487 1
488 0
489 1
490 1
491 1
492 0
493 0
494 0
495 1
496 0
497 0
498 1
499 1
500 0
501 1
502 0
503 0
504 0
505 1
506 0
507 1
508 0
509 0
510 1
511 1
512 0
513 1
514 1
515 0
516 0
517 0
518 1
519 0
520 0
521 0
522 1
523 0
524 1
525 0
526 1
527 1
528 1
529 0
530 0
531 0
532 0
533 0
534 1
535 0
536 0
537 1
538 0
539 1
540 0
541 1
542 1
543 1
544 1
545 0
546 0
547 1
548 1
549 1
550 1
551 1
552 1
553 0
554 0
555 1
556 0
557 0
558 1
559 1
560 1
561 0
562 1
563 0
564 0
565 0
566 1
567 0
568 1
569 1
570 1
571 0
572 1
573 0
574 0
575 1
576 1
577 0
578 0
579 0
580 0
581 1
582 1
583 0
584 1
585 0
586 0
587 0
588 0
589 1
590 0
591 0
592 1
593 0
594 0
595 0
596 0
597 0
598 0
599 0
600 0
601 1
602 0
603 1
604 0
605 1
606 1
607 0
608 1
609 0
610 1
611 1
612 0
613 0
614 1
615 1
616 0
617 1
618 0
619 1
620 0
621 1
622 0
623 0
624 0
625 0
626 0
627 0
628 1
629 1
630 0
631 0
632 0
633 0
634 0
635 0
636 1
637 1
638 1
639 0
640 0
641 1
642 1
643 1
644 1
645 0
646 1
647 1
648 1
649 1
650 1
651 1
652 1
653 0
654 1
655 0
656 0
657 1
658 1
659 0
660 0
661 1
662 0
663 1
664 0
665 1
666 1
667 1
668 0
669 0
670 0
671 0
672 0
673 1
674 0
675 0
676 1
677 1
678 1
679 1
680 0
681 0
682 1
683 0
684 0
685 0
686 1
687 0
688 1
689 0
690 0
691 0
692 1
693 0
694 0
695 0
696 1
697 1
698 0
699 1
700 1
701 0
702 0
703 1
704 1
705 0
706 0
707 0
708 1
709 1
710 1
711 1
712 1
713 0
714 0
715 1
716 1
717 1
718 1
719 1
720 1
721 0
722 0
723 1
724 0
725 0
726 1
727 0
728 0
729 1
730 1
731 0
732 0
733 0
734 1
735 0
736 0
737 1
738 1
739 1
740 1
741 1
742 0
743 0
744 0
745 1
746 0
747 1
748 0
749 1
750 1
751 0
752 1
753 1
754 1
755 0
756 0
757 0
758 0
759 1
760 0
761 1
762 1
763 1
764 0
765 1
766 1
767 1
768 0
769 0
770 0
771 1
772 1
773 0
774 1
775 0
776 1
777 0
778 0
779 0
780 0
781 1
782 1
783 1
784 1
785 1
786 0
787 1
788 0
789 0
790 1
791 0
792 1
793 1
794 1
795 0
796 0
797 1
798 1
799 0
800 1
801 0
802 1
803 0
804 0
805 1
806 1
807 0
808 1
809 1
810 1
811 1
812 1
813 0
814 1
815 1
816 1
817 0
818 0
819 0
820 0
821 1
822 0
823 0
824 1
825 1
826 1
827 1
828 0
829 0
830 1
831 0
832 1
833 1
834 0
835 1
836 1
837 0
838 1
839 1
840 1
841 1
842 0
843 0
844 0
845 1
846 0
847 1
848 1
849 1
850 0
851 0
852 1
853 0
854 1
855 1
856 1
857 0
858 1
859 0
860 1
861 0
862 1
863 1
864 0
865 0
866 1
867 1
868 1
869 0
870 1
871 1
872 0
873 1
874 0
875 1
876 1
877 1
878 1
879 1
880 0
881 1
882 1
883 0
884 0
885 0
886 0
887 0
888 1
889 1
890 0
891 0
892 1
893 0
894 1
895 1
896 0
897 0
898 0
899 0
900 1
901 1
902 1
903 0
904 0
905 0
906 0
907 0
908 0
909 0
910 1
911 0
912 0
913 0
914 0
915 0
916 0
917 1
918 0
919 1
920 1
921 1
922 1
923 0
924 0
925 0
926 1
927 0
928 0
929 1
930 1
931 0
932 0
933 0
934 1
935 0
936 0
937 1
938 1
939 1
940 1
941 0
942 0
943 0
944 1
945 0
946 1
947 0
948 0
949 1
950 0
951 0
952 1
953 0
954 1
955 0
956 0
957 0
958 1
959 1
960 0
961 0
962 1
963 1
964 0
965 1
966 1
967 1
968 0
969 1
970 0
971 0
972 1
973 1
974 0
975 1
976 1
977 0
978 1
979 0
980 0
981 1
982 1
983 1
984 1
985 0
986 0
987 1
988 1
989 1
990 0
991 1
992 1
993 1
994 0
995 1
996 1
997 0
998 0
999 0
1000 1
1001 0
1002 1
1003 0
1004 0
1005 0
1006 0
1007 1
1008 1
1009 1
1010 0
1011 1
1012 0
1013 1
1014 1
1015 0
1016 0
1017 0
1018 1
1019 0
1020 0
1021 0
1022 0
1023 1
1024 1
1025 1
1026 0
1027 0
1028 1
1029 1
1030 1
1031 0
1032 0
1033 1
1034 0
1035 0
1036 1
1037 1
1038 1
1039 1
1040 1
1041 1
1042 1
1043 1
1044 0
1045 1
1046 1
1047 0
1048 0
1049 1
1050 0
1051 0
1052 0
1053 0
1054 1
1055 1
1056 0
1057 0
1058 0
1059 1
1060 0
1061 0
1062 0
1063 1
1064 0
1065 0
1066 1
1067 0
1068 0
1069 1
1070 0
1071 0
1072 0
1073 0
1074 0
1075 1
1076 0
1077 1
1078 1
1079 0
1080 0
1081 1
1082 0
1083 0
1084 0
1085 1
1086 0
1087 1
1088 1
1089 1
1090 1
1091 1
1092 0
1093 1
1094 1
1095 0
1096 0
1097 1
1098 0
1099 0
1100 0
1101 1
1102 1
1103 0
1104 1
1105 1
1106 0
1107 1
1108 0
1109 1
1110 1
1111 1
1112 0
1113 1
1114 1
1115 1
1116 0
1117 1
1118 1
1119 0
1120 0
1121 0
1122 1
1123 1
1124 0
1125 1
1126 0
1127 0
1128 1
1129 0
1130 0
1131 1
1132 0
1133 1
1134 1
1135 0
1136 0
1137 1
1138 1
1139 1
1140 1
1141 1
1142 0
1143 0
1144 1
1145 1
1146 0
1147 1
1148 0
1149 1
1150 1
1151 0
1152 0
1153 0
1154 0
1155 0
1156 0
1157 1
1158 0
1159 0
1160 1
1161 1
1162 0
1163 0
1164 0
1165 0
1166 0
1167 0
1168 1
1169 0
1170 1
1171 1
1172 1
1173 0
1174 1
1175 0
1176 1
1177 1
1178 1
1179 0
1180 0
1181 1
1182 1
1183 1
1184 1
1185 0
1186 0
1187 1
1188 1
1189 0
1190 0
1191 0
1192 0
1193 0
1194 0
1195 1
1196 0
1197 0
1198 1
1199 1
1200 0
1201 0
1202 0
1203 1
1204 0
1205 0
1206 0
1207 0
1208 0
1209 1
1210 1
1211 1
1212 1
1213 1
1214 1
1215 0
1216 0
1217 0
1218 1
1219 0
1220 1
1221 1
1222 0
1223 0
1224 0
1225 0
1226 0
1227 0
1228 0
1229 1
1230 0
1231 1
1232 0
1233 0
1234 1
1235 1
1236 1
1237 0
1238 1
1239 1
1240 0
1241 1
1242 0
1243 0
1244 1
1245 1
1246 0
1247 1
1248 0
1249 0
1250 0
1251 0
1252 1
1253 1
1254 0
1255 1
1256 0
1257 1
1258 0
1259 1
1260 0
1261 0
1262 1
1263 1
1264 0
1265 0
1266 1
1267 0
1268 1
1269 1
1270 0
1271 1
1272 0
1273 1
1274 0
1275 1
1276 0
1277 0
1278 1
1279 1
1280 0
1281 0
1282 1
1283 0
1284 1
1285 0
1286 1
1287 1
1288 0
1289 0
1290 0
1291 0
1292 0
1293 0
1294 1
1295 0
1296 0
1297 1
1298 0
1299 0
1300 0
1301 0
1302 1
1303 0
1304 1
1305 1
1306 0
1307 1
1308 1
1309 0
1310 1
1311 0
1312 0
1313 0
1314 0
1315 1
1316 0
1317 0
1318 1
1319 1
1320 0
1321 1
1322 0
1323 1
1324 0
1325 1
1326 1
1327 1
1328 0
1329 1
1330 0
1331 1
1332 0
1333 1
1334 0
1335 0
1336 1
1337 0
1338 0
1339 1
1340 0
1341 0
1342 0
1343 0
1344 1
1345 1
1346 0
1347 0
1348 1
1349 1
1350 1
1351 0
1352 0
1353 0
1354 1
1355 0
1356 0
1357 0
1358 0
1359 1
1360 1
1361 1
1362 0
1363 0
1364 0
1365 0
1366 1
1367 1
1368 0
1369 0
1370 0
1371 0
1372 1
1373 0
1374 0
1375 0
1376 1
1377 0
1378 0
1379 1
1380 0
1381 0
1382 1
1383 0
1384 0
1385 0
1386 0
1387 0
1388 0
1389 1
1390 1
1391 0
1392 0
1393 0
1394 1
1395 0
1396 1
1397 1
1398 1
1399 1
1400 1
1401 1
1402 0
1403 0
1404 1
1405 1
1406 1
1407 0
1408 0
1409 1
1410 0
1411 0
1412 1
1413 0
1414 0
1415 1
1416 1
1417 1
1418 1
1419 1
1420 1
1421 1
1422 1
1423 1
1424 0
1425 0
1426 0
1427 0
1428 1
1429 1
1430 0
1431 0
1432 1
1433 1
1434 0
1435 0
1436 1
1437 0
1438 1
1439 0
1440 1
1441 1
1442 0
1443 0
1444 1
1445 1
1446 1
1447 0
1448 0
1449 1
1450 1
1451 0
1452 1
1453 1
1454 1
1455 0
1456 0
1457 1
1458 1
1459 0
1460 0
1461 1
1462 1
1463 0
1464 0
1465 0
1466 1
1467 1
1468 1
1469 1
1470 1
1471 0
1472 1
1473 1
1474 1
1475 1
1476 1
1477 0
1478 1
1479 1
1480 0
1481 1
1482 0
1483 0
1484 0
1485 0
1486 1
1487 0
1488 1
1489 0
1490 1
1491 1
1492 1
1493 1
1494 1
1495 1
1496 0
1497 1
1498 1
1499 1
1500 1
1501 0
1502 0
1503 0
1504 1
1505 1
1506 1
1507 1
1508 0
1509 1
1510 0
1511 1
1512 0
1513 0
1514 1
1515 1
1516 0
1517 1
1518 0
1519 0
1520 0
1521 1
1522 1
1523 0
1524 0
1525 0
1526 0
1527 1
1528 1
1529 1
1530 1
1531 1
1532 1
1533 0
1534 1
1535 1
1536 0
1537 1
1538 0
1539 0
1540 1
1541 1
1542 1
1543 1
1544 0
1545 1
1546 1
1547 1
1548 1
1549 1
1550 1
1551 1
1552 0
1553 1
1554 1
1555 0
1556 1
1557 0
1558 1
1559 0
1560 1
1561 1
1562 0
1563 0
1564 1
1565 0
1566 0
1567 0
1568 1
1569 1
1570 0
1571 1
1572 1
1573 0
1574 1
1575 0
1576 0
1577 0
1578 1
1579 1
1580 1
1581 1
1582 0
1583 0
1584 0
1585 0
1586 0
1587 1
1588 1
1589 0
1590 0
1591 0
1592 1
1593 1
1594 0
1595 1
1596 0
1597 1
1598 1
1599 0
1600 0
1601 1
1602 1
1603 1
1604 0
1605 1
1606 0
1607 1
1608 0
1609 0
1610 1
1611 0
1612 0
1613 1
1614 0
1615 1
1616 0
1617 0
1618 1
1619 1
1620 1
1621 0
1622 0
1623 0
1624 1
1625 1
1626 0
1627 0
1628 1
1629 1
1630 1
1631 0
1632 1
1633 0
1634 0
1635 0
1636 0
1637 0
1638 1
1639 0
1640 0
1641 0
1642 1
1643 1
1644 0
1645 0
1646 1
1647 0
1648 0
1649 0
1650 0
1651 0
1652 0
1653 1
1654 1
1655 1
1656 1
1657 0
1658 1
1659 1
1660 1
1661 0
1662 0
1663 1
1664 1
1665 1
1666 0
1667 0
1668 1
1669 0
1670 1
1671 0
1672 1
1673 1
1674 1
1675 1
1676 0
1677 1
1678 1
1679 1
1680 0
1681 0
1682 1
1683 1
1684 0
1685 1
1686 1
1687 1
1688 1
1689 0
1690 0
1691 0
1692 1
1693 1
1694 1
1695 1
1696 0
1697 0
1698 0
1699 0
1700 1
1701 0
1702 0
1703 1
1704 1
1705 0
1706 1
1707 1
1708 1
1709 0
1710 0
1711 0
1712 1
1713 0
1714 1
1715 1
1716 1
1717 1
1718 0
1719 1
1720 1
1721 0
1722 1
1723 0
1724 0
1725 1
1726 0
1727 0
1728 1
1729 0
1730 1
1731 1
1732 0
1733 0
1734 0
1735 1
1736 0
1737 1
1738 0
1739 0
1740 0
1741 0
1742 0
1743 0
1744 0
1745 1
1746 0
1747 1
1748 0
1749 0
1750 0
1751 1
1752 0
1753 1
1754 0
1755 1
1756 1
1757 1
1758 1
1759 0
1760 1
1761 0
1762 0
1763 1
1764 1
1765 0
1766 1
1767 1
1768 1
1769 0
1770 1
1771 0
1772 1
1773 0
1774 1
1775 0
1776 0
1777 1
1778 0
1779 1
1780 1
1781 0
1782 0
1783 1
1784 0
1785 1
1786 0
1787 0
1788 1
1789 0
1790 1
1791 0
1792 1
1793 1
1794 0
1795 0
1796 1
1797 1
1798 0
1799 0
1800 0
1801 0
1802 1
1803 1
1804 0
1805 0
1806 1
1807 0
1808 0
1809 1
1810 0
1811 0
1812 0
1813 0
1814 1
1815 0
1816 0
1817 0
1818 0
1819 1
1820 1
1821 1
1822 0
1823 0
1824 0
1825 1
1826 0
1827 1
1828 0
1829 1
1830 0
1831 0
1832 0
1833 1
1834 0
1835 1
1836 1
1837 1
1838 0
1839 0
1840 0
1841 0
1842 1
1843 1
1844 0
1845 0
1846 0
1847 0
1848 1
1849 0
1850 0
1851 1
1852 1
1853 1
1854 1
1855 1
1856 1
1857 1
1858 1
1859 1
1860 0
1861 1
1862 0
1863 0
1864 1
1865 0
1866 1
1867 0
1868 0
1869 1
1870 0
1871 0
1872 1
1873 0
1874 0
1875 0
1876 1
1877 0
1878 0
1879 1
1880 1
1881 1
1882 1
1883 1
1884 1
1885 1
1886 1
1887 0
1888 0
1889 1
1890 0
1891 0
1892 1
1893 0
1894 0
1895 1
1896 0
1897 0
1898 1
1899 1
1900 1
1901 1
1902 1
1903 0
1904 0
1905 0
1906 0
1907 1
1908 0
1909 0
1910 1
1911 0
1912 1
1913 1
1914 1
1915 0
1916 1
1917 0
1918 0
1919 0
1920 1
1921 1
1922 1
1923 0
1924 1
1925 0
1926 0
1927 0
1928 0
1929 0
1930 0
1931 0
1932 0
1933 0
1934 1
1935 1
1936 0
1937 1
1938 0
1939 0
1940 1
1941 0
1942 1
1943 0
1944 0
1945 0
1946 1
1947 0
1948 1
1949 1
1950 0
1951 1
1952 0
1953 0
1954 0
1955 1
1956 1
1957 1
1958 0
1959 1
1960 1
1961 1
1962 1
1963 1
1964 1
1965 1
1966 1
1967 1
1968 0
1969 1
1970 1
1971 1
1972 1
1973 0
1974 1
1975 0
1976 0
1977 1
1978 1
1979 1
1980 0
1981 1
1982 0
1983 0
1984 0
1985 1
1986 1
1987 0
1988 1
1989 0
1990 0
1991 0
1992 0
1993 0
1994 0
1995 0
1996 1
1997 1
1998 0
1999 1
2000 1
2001 0
2002 0
2003 0
2004 0
2005 1
2006 1
2007 0
2008 0
2009 1
2010 0
2011 0
2012 1
2013 0
2014 0
2015 0
2016 0
2017 1
2018 0
2019 0
2020 1
2021 1
2022 1
2023 1
2024 0
2025 0
2026 1
2027 1
2028 1
2029 0
2030 0
2031 1
2032 0
2033 0
2034 0
2035 0
2036 0
2037 1
2038 0
2039 0
2040 1
2041 1
2042 1
2043 1
2044 0
2045 0
2046 0
2047 1
2048 0
2049 0
2050 1
2051 0
2052 1
2053 0
2054 1
2055 0
2056 0
2057 1
2058 0
2059 0
2060 1
2061 1
2062 0
2063 0
2064 0
2065 1
2066 1
2067 0
2068 1
2069 0
2070 1
2071 0
2072 0
2073 1
2074 0
2075 1
2076 0
2077 1
2078 1
2079 1
2080 0
2081 1
2082 1
2083 1
2084 1
2085 1
2086 0
2087 0
2088 0
2089 1
2090 0
2091 0
2092 1
2093 0
2094 0
2095 1
2096 0
2097 1
2098 0
2099 0
2100 0
2101 0
2102 1
2103 1
2104 1
2105 1
2106 1
2107 1
2108 0
2109 0
2110 1
2111 0
2112 0
2113 1
2114 0
2115 1
2116 0
2117 1
2118 0
2119 1
2120 0
2121 1
2122 1
2123 0
2124 0
2125 1
2126 0
2127 0
2128 1
2129 1
2130 0
2131 1
2132 0
2133 1
2134 1
2135 1
2136 1
2137 0
2138 0
2139 0
2140 1
2141 1
2142 1
2143 1
2144 1
2145 1
2146 0
2147 1
2148 1
2149 1
2150 1
2151 1
2152 0
2153 0
2154 1
2155 1
2156 0
2157 0
2158 1
2159 0
2160 1
2161 0
2162 1
2163 1
2164 1
2165 0
2166 1
2167 1
2168 0
2169 1
2170 0
2171 1
2172 1
2173 1
2174 1
2175 1
2176 0
2177 0
2178 1
2179 1
2180 1
2181 1
2182 0
2183 1
2184 1
2185 1
2186 1
2187 0
2188 1
2189 0
2190 0
2191 1
2192 0
2193 0
2194 1
2195 1
2196 1
2197 0
2198 1
2199 0
2200 0
2201 1
2202 0
2203 1
2204 0
2205 1
2206 1
2207 1
2208 0
2209 1
2210 0
2211 1
2212 1
2213 1
2214 0
2215 0
2216 0
2217 1
2218 0
2219 0
2220 1
2221 1
2222 1
2223 0
2224 1
2225 0
2226 1
2227 1
2228 0
2229 1
2230 0
2231 0
2232 1
2233 1
2234 0
2235 0
2236 1
2237 0
2238 1
2239 1
2240 1
2241 1
2242 0
2243 1
2244 0
2245 0
2246 0
2247 0
2248 0
2249 1
2250 0
2251 0
2252 1
2253 0
2254 1
2255 0
2256 1
2257 1
2258 1
2259 0
2260 0
2261 1
2262 1
2263 1
2264 0
2265 0
2266 0
2267 0
2268 1
2269 0
2270 1
2271 0
2272 1
2273 0
2274 1
2275 1
2276 0
2277 0
2278 1
2279 1
2280 1
2281 0
2282 0
2283 0
2284 1
2285 0
2286 1
2287 1
2288 1
2289 0
2290 0
2291 0
2292 0
2293 0
2294 1
2295 1
2296 0
2297 0
2298 1
2299 1
2300 0
2301 0
2302 1
2303 0
2304 0
2305 1
2306 1
2307 0
2308 0
2309 0
2310 0
2311 1
2312 0
2313 1
2314 0
2315 0
2316 0
2317 1
2318 1
2319 0
2320 0
2321 0
2322 1
2323 0
2324 0
2325 1
2326 0
2327 0
2328 0
2329 0
2330 1
2331 0
2332 0
2333 1
2334 0
2335 0
2336 0
2337 0
2338 1
2339 0
2340 1
2341 1
2342 0
2343 0
2344 0
2345 0
2346 0
2347 1
2348 0
2349 0
2350 1
2351 0
2352 0
2353 1
2354 1
2355 0
2356 1
2357 1
2358 1
2359 1
2360 1
2361 1
2362 0
2363 1
2364 0
2365 0
2366 0
2367 1
2368 0
2369 1
2370 0
2371 1
2372 0
2373 0
2374 0
2375 0
2376 0
2377 0
2378 0
2379 0
2380 1
2381 1
2382 0
2383 0
2384 1
2385 0
2386 0
2387 1
2388 1
2389 1
2390 0
2391 1
2392 0
2393 0
2394 0
2395 1
2396 1
2397 1
2398 1
2399 0
2400 0
2401 1
2402 0
2403 1
2404 0
2405 1
2406 1
2407 1
2408 0
2409 0
2410 1
2411 1
2412 0
2413 1
2414 0
2415 0
2416 1
2417 0
2418 1
2419 0
2420 1
2421 0
2422 0
2423 1
2424 1
2425 0
2426 0
2427 1
2428 0
2429 0
2430 0
2431 0
2432 0
2433 0
2434 1
2435 0
2436 0
2437 0
2438 0
2439 1
2440 0
2441 0
2442 0
2443 0
2444 1
2445 0
2446 0
2447 0
2448 0
2449 1
2450 1
2451 1
2452 1
2453 0
2454 1
2455 0
2456 0
2457 1
2458 1
2459 0
2460 0
2461 1
2462 1
2463 1
2464 0
2465 0
2466 0
2467 1
2468 1
2469 1
2470 1
2471 0
2472 1
2473 1
2474 1
2475 0
2476 1
2477 1
2478 1
2479 1
2480 0
2481 1
2482 1
2483 1
2484 1
2485 1
2486 0
2487 1
2488 0
2489 1
2490 0
2491 0
2492 0
2493 1
2494 0
2495 0
2496 0
2497 1
2498 1
2499 0
2500 0
2501 0
2502 1
2503 0
2504 0
2505 1
2506 0
2507 0
2508 0
2509 1
2510 0
2511 0
2512 1
2513 0
2514 1
2515 1
2516 0
2517 0
2518 1
2519 0
2520 1
2521 1
2522 0
2523 0
2524 1
2525 0
2526 0
2527 1
2528 1
2529 0
2530 1
2531 0
2532 0
2533 1
2534 0
2535 1
2536 0
2537 1
2538 0
2539 1
2540 1
2541 1
2542 1
2543 1
2544 0
2545 0
2546 0
2547 0
2548 0
2549 0
2550 1
2551 1
2552 0
2553 0
2554 0
2555 0
2556 1
2557 0
2558 1
2559 0
2560 1
2561 1
2562 1
2563 0
2564 0
2565 1
2566 0
2567 0
2568 1
2569 0
2570 1
2571 1
2572 1
2573 1
2574 1
2575 0
2576 1
2577 0
2578 0
2579 1
2580 0
2581 1
2582 1
2583 0
2584 0
2585 0
2586 0
2587 1
2588 1
2589 0
2590 0
2591 1
2592 0
2593 0
2594 1
2595 1
2596 0
2597 1
2598 0
2599 1
2600 0
2601 1
2602 0
2603 1
2604 1
2605 1
2606 0
2607 0
2608 1
2609 0
2610 1
2611 0
2612 1
2613 0
2614 0
2615 0
2616 1
2617 1
2618 1
2619 0
2620 1
2621 1
2622 0
2623 1
2624 0
2625 0
2626 0
2627 0
2628 1
2629 0
2630 0
2631 1
2632 1
2633 1
2634 1
2635 1
2636 0
2637 1
2638 0
2639 1
2640 0
2641 0
2642 1
2643 0
2644 1
2645 1
2646 1
2647 1
2648 1
2649 1
2650 1
2651 0
2652 0
2653 1
2654 1
2655 0
2656 0
2657 1
2658 0
2659 1
2660 0
2661 1
2662 1
2663 0
2664 1
2665 1
2666 1
2667 1
2668 0
2669 0
2670 1
2671 1
2672 0
2673 1
2674 0
2675 0
2676 0
2677 1
2678 1
2679 0
2680 1
2681 1
2682 0
2683 0
2684 1
2685 0
2686 1
2687 1
2688 0
2689 1
2690 1
2691 1
2692 1
2693 1
2694 1
2695 0
2696 1
2697 1
2698 1
2699 1
2700 0
2701 0
2702 0
2703 0
2704 0
2705 0
2706 0
2707 0
2708 1
2709 0
2710 0
2711 1
2712 0
2713 1
2714 0
2715 1
2716 0
2717 1
2718 1
2719 1
2720 1
2721 1
2722 0
2723 0
2724 1
2725 1
2726 0
2727 1
2728 1
2729 1
2730 0
2731 0
2732 1
2733 1
2734 1
2735 0
2736 0
2737 0
2738 0
2739 0
2740 0
2741 1
2742 0
2743 0
2744 1
2745 0
2746 1
2747 0
2748 1
2749 1
2750 0
2751 1
2752 0
2753 0
2754 1
2755 0
2756 1
2757 1
2758 1
2759 0
2760 0
2761 1
2762 1
2763 0
2764 0
2765 1
2766 1
2767 0
2768 1
2769 1
2770 0
2771 1
2772 1
2773 1
2774 1
2775 1
2776 0
2777 0
2778 1
2779 0
2780 0
2781 1
2782 0
2783 1
2784 0
2785 0
2786 1
2787 1
2788 1
2789 1
2790 1
2791 0
2792 1
2793 1
2794 0
2795 1
2796 0
2797 0
2798 1
2799 0
2800 0
2801 0
2802 1
2803 0
2804 1
2805 0
2806 1
2807 0
2808 1
2809 0
2810 0
2811 1
2812 1
2813 0
2814 1
2815 1
2816 0
2817 1
2818 0
2819 1
2820 1
2821 1
2822 1
2823 0
2824 1
2825 0
2826 0
2827 1
2828 1
2829 0
2830 1
2831 0
2832 1
2833 0
2834 0
2835 1
2836 1
2837 0
2838 0
2839 0
2840 0
2841 1
2842 1
2843 1
2844 0
2845 1
2846 1
2847 1
2848 1
2849 0
2850 1
2851 1
2852 0
2853 0
2854 1
2855 1
2856 1
2857 0
2858 1
2859 1
2860 1
2861 1
2862 1
2863 0
2864 1
2865 1
2866 0
2867 0
2868 0
2869 0
2870 1
2871 0
2872 0
2873 0
2874 1
2875 1
2876 0
2877 0
2878 0
2879 0
2880 1
2881 0
2882 0
2883 1
2884 0
2885 0
2886 1
2887 1
2888 1
2889 1
2890 1
2891 1
2892 1
2893 0
2894 0
2895 1
2896 1
2897 0
2898 0
2899 0
2900 1
2901 0
2902 0
2903 1
2904 1
2905 0
2906 1
2907 1
2908 0
2909 0
2910 1
2911 1
2912 1
2913 0
2914 0
2915 1
2916 1
2917 1
2918 0
2919 0
2920 1
2921 1
2922 0
2923 1
2924 0
2925 1
2926 1
2927 0
2928 1
2929 0
2930 0
2931 1
2932 1
2933 0
2934 0
2935 1
2936 1
2937 0
2938 0
2939 1
2940 1
2941 0
2942 0
2943 0
2944 0
2945 1
2946 1
2947 1
2948 1
2949 1
2950 0
2951 0
2952 1
2953 0
2954 1
2955 0
2956 1
2957 1
2958 0
2959 1
2960 0
2961 1
2962 0
2963 0
2964 0
2965 0
2966 0
2967 0
2968 1
2969 0
2970 0
2971 0
2972 0
2973 0
2974 0
2975 1
2976 0
2977 0
2978 0
2979 0
2980 0
2981 0
2982 1
2983 1
2984 0
2985 0
2986 0
2987 1
2988 0
2989 0
2990 1
2991 1
2992 0
2993 1
2994 1
2995 0
2996 1
2997 1
2998 0
2999 1
3000 1
3001 1
3002 0
3003 0
3004 0
3005 0
3006 1
3007 0
3008 1
3009 1
3010 1
3011 1
3012 0
3013 1
3014 0
3015 1
3016 0
3017 0
3018 0
3019 1
3020 0
3021 0
3022 1
3023 0
3024 1
3025 0
3026 1
3027 1
3028 1
3029 0
3030 1
3031 0
3032 0
3033 0
3034 1
3035 0
3036 1
3037 1
3038 0
3039 1
3040 0
3041 1
3042 1
3043 1
3044 0
3045 0
3046 0
3047 0
3048 1
3049 1
3050 1
3051 1
3052 0
3053 1
3054 0
3055 0
3056 1
3057 0
3058 1
3059 1
3060 0
3061 0
3062 0
3063 1
3064 0
3065 0
3066 1
3067 1
3068 0
3069 0
3070 1
3071 1
3072 1
3073 0
3074 1
3075 1
3076 1
3077 1
3078 1
3079 0
3080 0
3081 1
3082 0
3083 0
3084 0
3085 1
3086 0
3087 0
3088 0
3089 1
3090 1
3091 1
3092 1
3093 1
3094 1
3095 0
3096 1
3097 1
3098 0
3099 1
3100 0
3101 1
3102 0
3103 1
3104 0
3105 0
3106 0
3107 1
3108 1
3109 0
3110 1
3111 0
3112 0
3113 1
3114 1
3115 0
3116 0
3117 1
3118 1
3119 1
3120 0
3121 0
3122 0
3123 1
3124 1
3125 1
3126 0
3127 0
3128 0
3129 1
3130 0
3131 1
3132 1
3133 1
3134 1
3135 0
3136 0
3137 0
3138 1
3139 1
3140 0
3141 0
3142 0
3143 1
3144 0
3145 1
3146 0
3147 0
3148 1
3149 0
3150 0
3151 1
3152 1
3153 0
3154 0
3155 0
3156 0
3157 1
3158 1
3159 0
3160 0
3161 1
3162 1
3163 1
3164 1
3165 0
3166 0
3167 1
3168 0
3169 0
3170 0
3171 0
3172 1
3173 0
3174 1
3175 0
3176 1
3177 1
3178 0
3179 0
3180 1
3181 1
3182 1
3183 1
3184 1
3185 0
3186 0
3187 1
3188 1
3189 0
3190 1
3191 1
3192 1
3193 1
3194 0
3195 0
3196 0
3197 0
3198 1
3199 0
3200 0
3201 1
3202 1
3203 1
3204 0
3205 0
3206 0
3207 0
3208 0
3209 1
3210 1
3211 0
3212 1
3213 1
3214 1
3215 1
3216 1
3217 1
3218 1
3219 0
3220 1
3221 0
3222 1
3223 0
3224 0
3225 0
3226 1
3227 1
3228 1
3229 1
3230 0
3231 0
3232 0
3233 1
3234 1
3235 1
3236 0
3237 1
3238 1
3239 0
3240 0
3241 1
3242 1
3243 0
3244 0
3245 0
3246 1
3247 1
3248 0
3249 1
3250 0
3251 1
3252 1
3253 0
3254 0
3255 0
3256 1
3257 1
3258 1
3259 1
3260 1
3261 1
3262 1
3263 0
3264 0
3265 0
3266 1
3267 1
3268 0
3269 1
3270 1
3271 0
3272 0
3273 1
3274 1
3275 0
3276 1
3277 1
3278 0
3279 0
3280 0
3281 1
3282 1
3283 0
3284 0
3285 1
3286 1
3287 0
3288 1
3289 0
3290 0
3291 1
3292 1
3293 0
3294 1
3295 0
3296 0
3297 0
3298 0
3299 0
3300 1
3301 0
3302 1
3303 0
3304 1
3305 1
3306 1
3307 1
3308 0
3309 1
3310 0
3311 0
3312 1
3313 1
3314 1
3315 1
3316 1
3317 0
3318 0
3319 0
3320 0
3321 1
3322 1
3323 1
3324 1
3325 1
3326 0
3327 1
3328 0
3329 1
3330 0
3331 1
3332 1
3333 0
3334 0
3335 1
3336 1
3337 1
3338 1
3339 0
3340 1
3341 0
3342 1
3343 1
3344 0
3345 1
3346 0
3347 1
3348 1
3349 0
3350 0
3351 1
3352 1
3353 0
3354 1
3355 0
3356 1
3357 0
3358 0
3359 1
3360 1
3361 0
3362 0
3363 0
3364 0
3365 0
3366 1
3367 0
3368 1
3369 1
3370 0
3371 0
3372 0
3373 0
3374 0
3375 1
3376 0
3377 0
3378 1
3379 0
3380 0
3381 1
3382 0
3383 1
3384 0
3385 1
3386 1
3387 1
3388 1
3389 1
3390 0
3391 0
3392 0
3393 0
3394 0
3395 1
3396 1
3397 1
3398 0
3399 1
3400 0
3401 0
3402 1
3403 1
3404 0
3405 1
3406 0
3407 0
3408 1
3409 1
3410 1
3411 0
3412 1
3413 0
3414 1
3415 1
3416 1
3417 1
3418 1
3419 0
3420 0
3421 1
3422 0
3423 0
3424 1
3425 0
3426 1
3427 0
3428 1
3429 1
3430 0
3431 0
3432 0
3433 0
3434 0
3435 1
3436 1
3437 1
3438 1
3439 0
3440 0
3441 1
3442 0
3443 1
3444 1
3445 0
3446 1
3447 1
3448 0
3449 0
3450 0
3451 0
3452 1
3453 0
3454 1
3455 1
3456 1
3457 0
3458 0
3459 1
3460 1
3461 1
3462 1
3463 0
3464 0
3465 0
3466 0
3467 1
3468 0
3469 0
3470 0
3471 1
3472 1
3473 1
3474 1
3475 1
3476 0
3477 1
3478 0
3479 1
3480 1
3481 1
3482 0
3483 1
3484 0
3485 0
3486 1
3487 0
3488 1
3489 1
3490 0
3491 0
3492 0
3493 1
3494 0
3495 1
3496 0
3497 1
3498 1
3499 0
3500 1
3501 0
3502 0
3503 0
3504 0
3505 0
3506 0
3507 1
3508 1
3509 1
3510 1
3511 1
3512 1
3513 0
3514 0
3515 0
3516 0
3517 1
3518 1
3519 0
3520 1
3521 1
3522 1
3523 0
3524 1
3525 0
3526 1
3527 1
3528 0
3529 1
3530 0
3531 0
3532 1
3533 1
3534 0
3535 0
3536 1
3537 1
3538 0
3539 0
3540 1
3541 0
3542 0
3543 0
3544 1
3545 0
3546 1
3547 1
3548 1
3549 0
3550 0
3551 0
3552 0
3553 1
3554 1
3555 1
3556 1
3557 1
3558 1
3559 1
3560 0
3561 0
3562 0
3563 0
3564 1
3565 1
3566 1
3567 1
3568 1
3569 0
3570 1
3571 1
3572 0
3573 1
3574 0
3575 1
3576 0
3577 0
3578 1
3579 1
3580 1
3581 0
3582 1
3583 0
3584 0
3585 1
3586 0
3587 1
3588 0
3589 0
3590 1
3591 1
3592 0
3593 1
3594 0
3595 1
3596 0
3597 0
3598 1
3599 0
3600 1
3601 1
3602 0
3603 1
3604 1
3605 1
3606 1
3607 1
3608 0
3609 1
3610 1
3611 0
3612 0
3613 1
3614 0
3615 0
3616 1
3617 0
3618 1
3619 1
3620 0
3621 0
3622 0
3623 0
3624 0
3625 0
3626 1
3627 1
3628 1
3629 1
3630 1
3631 1
3632 0
3633 1
3634 1
3635 0
3636 1
3637 0
3638 0
3639 1
3640 1
3641 0
3642 0
3643 0
3644 0
3645 0
3646 0
3647 1
3648 1
3649 1
3650 1
3651 0
3652 0
3653 1
3654 0
3655 1
3656 0
3657 0
3658 0
3659 1
3660 1
3661 0
3662 0
3663 0
3664 0
3665 0
3666 1
3667 1
3668 0
3669 1
3670 1
3671 0
3672 1
3673 1
3674 1
3675 1
3676 0
3677 0
3678 0
3679 0
3680 0
3681 0
3682 1
3683 0
3684 1
3685 0
3686 1
3687 1
3688 1
3689 1
3690 1
3691 0
3692 1
3693 1
3694 0
3695 0
3696 1
3697 0
3698 1
3699 1
3700 1
3701 1
3702 1
3703 0
3704 0
3705 0
3706 0
3707 1
3708 0
3709 1
3710 0
3711 0
3712 1
3713 0
3714 1
3715 0
3716 1
3717 0
3718 0
3719 1
3720 1
3721 1
3722 1
3723 0
3724 1
3725 0
3726 1
3727 1
3728 0
3729 0
3730 1
3731 0
3732 1
3733 1
3734 1
3735 1
3736 1
3737 1
3738 0
3739 0
3740 1
3741 1
3742 0
3743 0
3744 0
3745 0
3746 0
3747 0
3748 1
3749 0
3750 1
3751 1
3752 0
3753 1
3754 1
3755 0
3756 0
3757 0
3758 1
3759 0
3760 1
3761 1
3762 1
3763 1
3764 0
3765 0
3766 1
3767 0
3768 0
3769 0
3770 0
3771 1
3772 0
3773 0
3774 0
3775 0
3776 0
3777 0
3778 0
3779 1
3780 0
3781 1
3782 1
3783 1
3784 0
3785 0
3786 1
3787 1
3788 1
3789 1
3790 1
3791 0
3792 0
3793 0
3794 0
3795 0
3796 0
3797 1
3798 1
3799 1
3800 1
3801 1
3802 1
3803 1
3804 1
3805 1
3806 1
3807 0
3808 0
3809 1
3810 1
3811 1
3812 0
3813 1
3814 1
3815 0
3816 1
3817 1
3818 0
3819 1
3820 1
3821 1
3822 0
3823 0
3824 0
3825 1
3826 0
3827 1
3828 0
3829 1
3830 0
3831 0
3832 1
3833 0
3834 0
3835 1
3836 0
3837 0
3838 1
3839 0
3840 1
3841 1
3842 0
3843 1
3844 1
3845 1
3846 0
3847 1
3848 0
3849 0
3850 1
3851 0
3852 0
3853 1
3854 0
3855 1
3856 1
3857 1
3858 0
3859 0
3860 1
3861 0
3862 0
3863 1
3864 1
3865 1
3866 0
3867 1
3868 1
3869 0
3870 0
3871 1
3872 1
3873 1
3874 0
3875 0
3876 0
3877 0
3878 0
3879 0
3880 1
3881 1
3882 0
3883 1
3884 0
3885 1
3886 0
3887 0
3888 1
3889 1
3890 1
3891 1
3892 0
3893 1
3894 0
3895 1
3896 1
3897 0
3898 0
3899 0
3900 1
3901 1
3902 0
3903 1
3904 1
3905 1
3906 1
3907 0
3908 1
3909 1
3910 1
3911 0
3912 0
3913 1
3914 1
3915 1
3916 0
3917 0
3918 0
3919 0
3920 1
3921 0
3922 1
3923 0
3924 1
3925 0
3926 1
3927 0
3928 1
3929 0
3930 0
3931 1
3932 0
3933 1
3934 1
3935 0
3936 0
3937 1
3938 0
3939 1
3940 1
3941 0
3942 1
3943 1
3944 0
3945 0
3946 1
3947 1
3948 0
3949 0
3950 0
3951 0
3952 1
3953 1
3954 1
3955 1
3956 0
3957 1
3958 1
3959 1
3960 0
3961 0
3962 1
3963 1
3964 0
3965 0
3966 0
3967 0
3968 0
3969 0
3970 1
3971 0
3972 0
3973 0
3974 1
3975 0
3976 0
3977 1
3978 1
3979 1
3980 1
3981 0
3982 0
3983 0
3984 1
3985 0
3986 0
3987 1
3988 0
3989 1
3990 0
3991 1
3992 1
3993 1
3994 1
3995 0
3996 0
3997 0
3998 0
3999 1
4000 1
4001 1
4002 1
4003 1
4004 0
4005 0
4006 1
4007 0
4008 0
4009 0
4010 1
4011 0
4012 0
4013 0
4014 0
4015 1
4016 1
4017 1
4018 1
4019 1
4020 1
4021 1
4022 1
4023 0
4024 1
4025 0
4026 1
4027 1
4028 1
4029 1
4030 0
4031 1
4032 0
4033 1
4034 0
4035 0
4036 1
4037 1
4038 0
4039 0
4040 0
4041 1
4042 1
4043 0
4044 1
4045 1
4046 0
4047 1
4048 1
4049 1
4050 0
4051 1
4052 0
4053 0
4054 1
4055 1
4056 1
4057 1
4058 0
4059 0
4060 1
4061 1
4062 0
4063 0
4064 0
4065 0
4066 0
4067 1
4068 1
4069 0
4070 1
4071 0
4072 1
4073 0
4074 1
4075 0
4076 1
4077 1
4078 1
4079 1
4080 1
4081 0
4082 0
4083 1
4084 0
4085 1
4086 1
4087 1
4088 0
4089 1
4090 0
4091 1
4092 0
4093 0
4094 1
4095 0
4096 0
4097 1
4098 1
4099 1
4100 1
4101 0
4102 1
4103 0
4104 1
4105 1
4106 0
4107 1
4108 0
4109 0
4110 1
4111 1
4112 1
4113 1
4114 1
4115 0
4116 0
4117 0
4118 1
4119 1
4120 0
4121 1
4122 0
4123 0
4124 1
4125 1
4126 1
4127 1
4128 1
4129 1
4130 1
4131 0
4132 0
4133 0
4134 0
4135 0
4136 1
4137 1
4138 1
4139 0
4140 1
4141 0
4142 0
4143 1
4144 0
4145 1
4146 1
4147 1
4148 0
4149 1
4150 1
4151 0
4152 0
4153 0
4154 1
4155 0
4156 0
4157 0
4158 1
4159 1
4160 0
4161 1
4162 0
4163 0
4164 0
4165 0
4166 0
4167 0
4168 1
4169 1
4170 1
4171 1
4172 0
4173 1
4174 1
4175 1
4176 1
4177 0
4178 0
4179 1
4180 1
4181 1
4182 1
4183 1
4184 1
4185 1
4186 1
4187 1
4188 1
4189 1
4190 0
4191 0
4192 0
4193 1
4194 0
4195 1
4196 1
4197 0
4198 1
4199 1
4200 0
4201 1
4202 1
4203 1
4204 1
4205 0
4206 1
4207 0
4208 0
4209 0
4210 1
4211 1
4212 1
4213 1
4214 0
4215 1
4216 1
4217 1
4218 0
4219 0
4220 0
4221 1
4222 1
4223 0
4224 0
4225 1
4226 0
4227 0
4228 0
4229 0
4230 1
4231 1
4232 0
4233 0
4234 0
4235 1
4236 1
4237 0
4238 1
4239 0
4240 0
4241 1
4242 1
4243 1
4244 0
4245 1
4246 0
4247 1
4248 0
4249 0
4250 1
4251 0
4252 0
4253 1
4254 0
4255 1
4256 0
4257 1
4258 0
4259 1
4260 0
4261 0
4262 0
4263 0
4264 1
4265 0
4266 1
4267 1
4268 0
4269 1
4270 1
4271 1
4272 0
4273 0
4274 1
4275 1
4276 0
4277 0
4278 0
4279 0
4280 1
4281 1
4282 0
4283 0
4284 0
4285 0
4286 0
4287 0
4288 0
4289 1
4290 1
4291 1
4292 0
4293 1
4294 1
4295 0
4296 0
4297 0
4298 1
4299 0
4300 0
4301 0
4302 0
4303 0
4304 0
4305 0
4306 1
4307 0
4308 0
4309 0
4310 0
4311 0
4312 0
4313 0
4314 0
4315 1
4316 1
4317 1
4318 0
4319 1
4320 1
4321 1
4322 0
4323 1
4324 0
4325 1
4326 1
4327 1
4328 1
4329 0
4330 1
4331 1
4332 0
4333 1
4334 0
4335 0
4336 1
4337 1
4338 0
4339 1
4340 1
4341 0
4342 1
4343 1
4344 1
4345 1
4346 0
4347 1
4348 1
4349 0
4350 1
4351 1
4352 1
4353 0
4354 0
4355 1
4356 0
4357 0
4358 0
4359 0
4360 1
4361 0
4362 1
4363 0
4364 1
4365 1
4366 1
4367 1
4368 0
4369 1
4370 0
4371 1
4372 0
4373 1
4374 0
4375 0
4376 1
4377 0
4378 0
4379 0
4380 1
4381 0
4382 0
4383 0
4384 0
4385 1
4386 1
4387 0
4388 0
4389 0
4390 0
4391 1
4392 0
4393 1
4394 0
4395 1
4396 0
4397 1
4398 1
4399 1
4400 1
4401 1
4402 1
4403 1
4404 0
4405 0
4406 1
4407 1
4408 1
4409 1
4410 1
4411 1
4412 0
4413 0
4414 1
4415 1
4416 0
4417 0
4418 0
4419 0
4420 1
4421 0
4422 0
4423 1
4424 1
4425 1
4426 1
4427 1
4428 1
4429 1
4430 1
4431 1
4432 0
4433 1
4434 0
4435 0
4436 0
4437 0
4438 1
4439 0
4440 0
4441 0
4442 1
4443 0
4444 1
4445 1
4446 0
4447 1
4448 1
4449 1
4450 1
4451 0
4452 1
4453 1
4454 0
4455 0
4456 1
4457 0
4458 0
4459 1
4460 0
4461 0
4462 1
4463 1
4464 1
4465 1
4466 1
4467 1
4468 0
4469 0
4470 0
4471 1
4472 0
4473 0
4474 0
4475 0
4476 1
4477 1
4478 1
4479 1
4480 0
4481 0
4482 1
4483 1
4484 0
4485 0
4486 0
4487 0
4488 0
4489 0
4490 1
4491 1
4492 1
4493 1
4494 1
4495 1
4496 1
4497 1
4498 0
4499 1
4500 1
4501 0
4502 0
4503 0
4504 1
4505 0
4506 0
4507 1
4508 0
4509 1
4510 1
4511 0
4512 1
4513 0
4514 0
4515 0
4516 0
4517 1
4518 1
4519 1
4520 0
4521 0
4522 1
4523 0
4524 0
4525 0
4526 0
4527 0
4528 0
4529 1
4530 0
4531 0
4532 1
4533 0
4534 1
4535 1
4536 0
4537 0
4538 1
4539 0
4540 1
4541 0
4542 0
4543 1
4544 1
4545 1
4546 1
4547 1
4548 0
4549 1
4550 0
4551 0
4552 1
4553 0
4554 0
4555 0
4556 1
4557 1
4558 0
4559 0
4560 1
4561 1
4562 1
4563 1
4564 1
4565 1
4566 1
4567 1
4568 0
4569 0
4570 1
4571 0
4572 1
4573 1
4574 0
4575 1
4576 1
4577 1
4578 0
4579 0
4580 1
4581 1
4582 1
4583 0
4584 0
4585 0
4586 1
4587 1
4588 1
4589 1
4590 0
4591 0
4592 0
4593 0
4594 0
4595 1
4596 1
4597 0
4598 1
4599 0
4600 0
4601 0
4602 1
4603 1
4604 1
4605 1
4606 1
4607 1
4608 1
4609 1
4610 1
4611 1
4612 0
4613 0
4614 1
4615 1
4616 0
4617 1
4618 1
4619 0
4620 1
4621 1
4622 0
4623 0
4624 0
4625 0
4626 1
4627 0
4628 1
4629 1
4630 0
4631 0
4632 1
4633 1
4634 0
4635 1
4636 0
4637 1
4638 1
4639 0
4640 0
4641 0
4642 1
4643 0
4644 1
4645 1
4646 1
4647 1
4648 1
4649 0
4650 1
4651 1
4652 0
4653 1
4654 1
4655 1
4656 0
4657 1
4658 0
4659 1
4660 1
4661 0
4662 1
4663 0
4664 0
4665 0
4666 0
4667 1
4668 1
4669 1
4670 0
4671 1
4672 0
4673 0
4674 0
4675 1
4676 1
4677 1
4678 0
4679 0
4680 1
4681 0
4682 1
4683 1
4684 1
4685 0
4686 1
4687 1
4688 0
4689 0
4690 0
4691 1
4692 0
4693 1
4694 0
4695 0
4696 0
4697 0
4698 0
4699 1
4700 0
4701 1
4702 0
4703 1
4704 1
4705 1
4706 0
4707 0
4708 1
4709 0
4710 1
4711 0
4712 0
4713 1
4714 1
4715 0
4716 0
4717 1
4718 0
4719 0
4720 0
4721 0
4722 1
4723 1
4724 0
4725 1
4726 1
4727 0
4728 1
4729 0
4730 1
4731 1
4732 1
4733 0
4734 1
4735 1
4736 1
4737 0
4738 1
4739 0
4740 1
4741 0
4742 1
4743 0
4744 0
4745 1
4746 1
4747 0
4748 0
4749 1
4750 1
4751 1
4752 0
4753 1
4754 1
4755 1
4756 0
4757 1
4758 1
4759 0
4760 0
4761 1
4762 1
4763 1
4764 0
4765 0
4766 1
4767 0
4768 1
4769 1
4770 0
4771 1
4772 1
4773 1
4774 1
4775 0
4776 0
4777 0
4778 0
4779 1
4780 1
4781 0
4782 0
4783 0
4784 0
4785 0
4786 0
4787 0
4788 1
4789 0
4790 0
4791 1
4792 0
4793 0
4794 1
4795 1
4796 0
4797 1
4798 1
4799 1
4800 1
4801 1
4802 0
4803 1
4804 1
4805 1
4806 1
4807 0
4808 0
4809 1
4810 0
4811 1
4812 1
4813 1
4814 1
4815 0
4816 1
4817 1
4818 0
4819 0
4820 0
4821 1
4822 0
4823 1
4824 1
4825 0
4826 0
4827 0
4828 0
4829 1
4830 0
4831 1
4832 1
4833 1
4834 1
4835 0
4836 0
4837 0
4838 1
4839 0
4840 0
4841 0
4842 1
4843 0
4844 0
4845 1
4846 0
4847 1
4848 0
4849 1
4850 0
4851 0
4852 0
4853 1
4854 1
4855 0
4856 0
4857 1
4858 0
4859 0
4860 0
4861 1
4862 1
4863 0
4864 0
4865 1
4866 0
4867 0
4868 1
4869 0
4870 1
4871 0
4872 0
4873 1
4874 0
4875 1
4876 0
4877 1
4878 0
4879 1
4880 0
4881 0
4882 1
4883 0
4884 1
4885 1
4886 0
4887 1
4888 1
4889 1
4890 0
4891 1
4892 0
4893 0
4894 1
4895 1
4896 1
4897 0
4898 0
4899 1
4900 1
4901 1
4902 1
4903 1
4904 1
4905 0
4906 0
4907 0
4908 0
4909 0
4910 1
4911 0
4912 0
4913 0
4914 0
4915 1
4916 1
4917 0
4918 1
4919 0
4920 0
4921 0
4922 1
4923 0
4924 1
4925 1
4926 1
4927 0
4928 0
4929 0
4930 1
4931 0
4932 0
4933 0
4934 0
4935 1
4936 0
4937 1
4938 0
4939 0
4940 0
4941 1
4942 1
4943 0
4944 0
4945 1
4946 0
4947 0
4948 0
4949 0
4950 0
4951 1
4952 0
4953 1
4954 0
4955 1
4956 0
4957 0
4958 0
4959 1
4960 1
4961 0
4962 1
4963 1
4964 1
4965 0
4966 1
4967 1
4968 1
4969 0
4970 0
4971 0
4972 0
4973 1
4974 1
4975 0
4976 0
4977 1
4978 0
4979 1
4980 1
4981 0
4982 1
4983 1
4984 0
4985 1
4986 0
4987 0
4988 0
4989 1
4990 0
4991 1
4992 0
4993 1
4994 1
4995 1
4996 1
4997 0
4998 1
4999 1
5000 0
